14,112
14,111
14,77
14,76
14,75
14,74
14,73
14,72
14,71
14,70
14,69
14,68
14,67
14,66
14,65
14,64
14,29
14,28
14,27
14,11
14,9
14,2
14,1
14,0
13,4
13,3
13,2
13,1
13,0
12,8
12,7
12,6
12,5
12,4
12,3
12,2
12,1
12,0
11,5
11,4
11,3
11,2
11,1
11,0
10,4
10,3
10,2
10,1
10,0
9,5
9,4
9,3
9,2
9,1
9,0
8,5
8,4
8,3
8,2
8,1
8,0
7,5
7,4
7,3
7,2
7,1
7,0
6,5
6,4
6,3
6,2
6,1
6,0
5,6
5,5
5,4
5,3
5,2
14,188
5,1
14,10
5,0
15,768
4,3
15,3
2,8
2,7
2,5
2,4
16,370
14,134
2,6
2,2
16,1
14,5
2,1
2,3
14,4
16,37
2,0
16,5
14,3
1,3
16,4
16,3
0,410
0,324
0,243
0,9
0,0
0,1
0,426
0,300
0,444
0,299
0,298
0,374
0,297
0,366
0,296
0,511
0,295
0,396
0,294
0,416
0,293
0,394
0,292
0,474
0,291
0,425
0,290
0,364
0,289
0,377
0,288
0,415
0,287
0,363
0,286
0,510
0,285
0,407
0,284
0,344
0,283
0,421
0,282
0,361
0,281
0,348
0,280
0,360
0,279
0,387
0,278
0,342
0,277
0,380
0,276
0,412
0,275
0,354
0,274
0,386
0,273
0,413
0,272
0,507
0,271
0,420
0,270
14,113
14,114
14,116
14,117
14,119
14,121
14,123
14,125
14,126
14,128
14,129
14,131
14,135
14,136
14,138
14,139
14,141
14,142
14,144
14,146
14,147
14,149
14,150
14,152
14,154
14,155
14,157
14,158
14,160
14,161
14,163
14,165
14,166
14,168
14,169
14,171
14,173
14,174
14,176
14,177
14,179
14,180
14,182
14,184
14,185
14,187
14,189
14,191
14,193
14,194
14,196
14,197
14,199
14,201
14,202
14,204
14,205
14,207
14,208
15,0
15,2
15,4
15,6
15,8
15,11
15,13
15,14
15,16
15,17
15,19
15,20
15,22
15,24
15,25
15,28
15,29
15,32
15,34
15,35
15,37
15,38
15,40
15,41
15,65
15,67
15,68
15,70
15,71
15,73
15,75
15,76
15,78
15,79
15,81
15,83
15,84
15,86
15,87
15,89
15,90
15,92
15,94
15,95
15,97
15,98
15,100
15,102
15,103
15,105
15,106
15,108
15,109
15,111
15,113
15,114
15,116
15,117
15,119
15,121
15,122
15,124
15,125
15,127
15,128
15,130
15,132
15,133
15,135
15,136
15,138
15,140
15,141
15,143
15,144
15,146
15,147
15,149
15,151
15,152
15,154
15,155
15,157
15,159
15,160
15,162
15,163
15,165
15,167
15,168
15,170
15,171
15,173
15,174
15,176
15,178
15,179
15,181
15,187
15,189
15,193
15,194
15,196
15,197
15,199
15,200
15,202
15,204
15,205
15,207
15,208
15,210
15,212
15,213
15,215
15,216
15,218
15,219
15,221
15,223
15,224
15,226
15,227
15,229
15,231
15,232
15,234
15,235
15,237
15,239
15,240
15,242
15,243
15,245
15,246
15,248
15,250
15,251
15,253
15,254
15,256
15,258
15,259
15,261
15,262
15,264
15,265
15,267
15,269
15,270
15,272
15,273
15,275
15,277
15,278
15,280
15,281
15,283
15,284
15,286
15,288
15,289
15,291
15,292
15,294
15,296
15,297
15,299
15,300
15,302
15,303
15,305
15,307
15,308
15,310
15,311
15,313
15,316
15,317
15,320
15,321
15,323
15,325
15,326
15,328
15,329
15,331
15,332
15,334
15,336
15,337
15,339
15,340
15,342
15,344
15,345
15,347
15,348
15,350
15,351
15,353
15,355
15,356
15,358
15,359
15,361
15,363
15,364
15,366
15,367
15,369
15,370
15,372
15,374
15,375
15,377
15,378
15,380
15,382
15,383
15,385
15,386
15,388
15,390
15,391
15,393
15,394
15,396
15,397
15,399
15,401
15,402
15,404
15,405
15,407
15,409
15,410
15,412
15,415
15,417
15,418
15,420
15,422
15,448
15,450
15,451
15,453
15,455
15,456
15,458
15,459
15,461
15,462
15,464
15,466
15,467
15,469
15,470
15,472
15,474
15,475
15,477
15,478
15,480
15,482
15,483
15,485
15,486
15,488
15,489
15,491
15,493
15,494
15,496
15,497
15,499
15,501
15,502
15,504
15,505
15,507
15,508
15,510
15,512
15,513
15,515
15,516
15,518
15,520
15,521
15,523
15,524
15,526
15,527
15,529
15,531
15,532
15,534
15,535
15,537
15,539
15,540
15,542
15,543
15,545
15,546
15,548
15,550
15,551
15,553
15,554
15,556
15,558
15,559
15,561
15,562
15,564
15,566
15,567
15,577
15,578
15,580
15,581
15,583
15,585
15,586
15,588
15,589
15,591
15,593
15,594
15,596
15,597
15,599
15,600
15,602
15,604
15,605
15,607
15,608
15,610
15,612
15,613
15,615
15,616
15,618
15,619
15,621
15,623
15,624
15,626
15,627
15,629
15,631
15,632
15,634
15,635
15,637
15,639
15,640
15,642
15,643
15,645
15,646
15,648
15,650
15,651
15,653
15,654
15,656
15,658
15,659
15,661
15,662
15,664
15,665
15,667
15,669
15,670
15,672
15,673
15,675
16,0
16,2
16,7
16,8
16,10
16,11
16,13
16,15
16,16
16,18
16,19
16,21
16,23
16,24
16,26
16,27
16,29
16,30
16,32
16,34
16,35
16,38
16,64
16,66
16,68
16,69
16,71
16,72
16,74
16,76
16,77
16,79
16,80
16,82
16,83
16,85
16,87
16,88
16,90
16,91
16,93
16,95
16,96
16,98
16,99
16,102
16,103
16,105
16,108
16,109
16,111
16,112
16,114
16,116
16,117
16,119
16,120
16,122
16,123
16,125
16,127
16,128
16,130
16,131
16,133
16,135
16,136
16,138
16,139
16,141
16,143
16,144
16,146
16,147
16,149
16,150
16,152
16,154
16,155
16,157
16,158
16,160
16,162
16,163
16,165
16,166
16,168
16,169
16,171
16,173
16,174
16,320
16,321
16,323
16,325
16,326
16,328
16,329
16,331
16,332
16,334
16,336
16,337
16,339
16,340
16,342
16,344
16,345
16,347
16,348
16,350
16,351
16,353
16,355
16,356
16,358
16,359
16,361
16,363
16,364
16,366
16,367
16,369
17,1
17,2
17,4
17,5
17,7
17,8
17,10
18,1
18,2
18,4
18,5
18,7
19,0
19,1
19,3
19,4
19,6
19,7
20,1
20,3
20,4
21,1
21,2
21,4
22,0
22,1
22,3
22,4
23,0
23,1
23,3
24,0
24,1
24,3
25,0
25,2
25,4
26,0
26,2
26,3
26,5
27,1
27,2
27,4
27,3
27,0
26,4
26,1
25,3
25,1
24,2
23,4
23,2
22,5
22,2
21,5
21,3
21,0
20,2
20,0
19,5
19,2
18,8
18,6
18,3
18,0
17,9
17,6
17,3
17,0
16,368
16,365
16,362
16,360
16,357
16,354
16,352
16,349
16,346
16,343
16,341
16,338
16,335
16,333
16,330
16,327
16,324
16,322
16,175
16,172
16,170
16,167
16,164
16,161
16,159
16,156
16,153
16,151
16,148
16,145
16,142
16,140
16,137
16,134
16,132
16,129
16,126
16,124
16,121
16,118
16,115
16,113
16,110
16,106
16,104
16,100
16,97
16,94
16,92
16,89
16,86
16,84
16,81
16,78
16,75
16,73
16,70
16,67
16,65
16,36
16,33
16,31
16,28
16,25
16,22
16,20
16,17
16,14
16,12
16,9
16,6
15,676
15,674
15,671
15,668
15,666
15,663
15,660
15,657
15,655
15,652
15,649
15,647
15,644
15,641
15,638
15,636
15,633
15,630
15,628
15,625
15,622
15,620
15,617
15,614
15,611
15,609
15,606
15,603
15,601
15,598
15,595
15,592
15,590
15,587
15,584
15,582
15,579
15,576
15,565
15,563
15,560
15,557
15,555
15,552
15,549
15,547
15,544
15,541
15,538
15,536
15,533
15,530
15,528
15,525
15,522
15,519
15,517
15,514
15,511
15,509
15,506
15,503
15,500
15,498
15,495
15,492
15,490
15,487
15,484
15,481
15,479
15,476
15,473
15,471
15,468
15,465
15,463
15,460
15,457
15,454
15,452
15,449
15,421
15,419
15,416
15,411
15,408
15,406
15,403
15,400
15,398
15,395
15,392
15,389
15,387
15,384
15,381
15,379
15,376
15,373
15,371
15,368
15,365
15,362
15,360
15,357
15,354
15,352
15,349
15,346
15,343
15,341
15,338
15,335
15,333
15,330
15,327
15,324
15,322
15,318
15,314
15,312
15,309
15,306
15,304
15,301
15,298
15,295
15,293
15,290
15,287
15,285
15,282
15,279
15,276
15,274
15,271
15,268
15,266
15,263
15,260
15,257
15,255
15,252
15,249
15,247
15,244
15,241
15,238
15,236
15,233
15,230
15,228
15,225
15,222
15,220
15,217
15,214
15,211
15,209
15,206
15,203
15,201
15,198
15,195
15,192
15,188
15,180
15,177
15,175
15,172
15,169
15,166
15,164
15,161
15,158
15,156
15,153
15,150
15,148
15,145
15,142
15,139
15,137
15,134
15,131
15,129
15,126
15,123
15,120
15,118
15,115
15,112
15,110
15,107
15,104
15,101
15,99
15,96
15,93
15,91
15,88
15,85
15,82
15,80
15,77
15,74
15,72
15,69
15,66
15,64
15,39
15,36
15,33
15,30
15,27
15,23
15,21
15,18
15,15
15,12
15,9
15,5
15,1
14,209
14,206
14,203
14,200
14,198
14,195
14,192
14,190
14,186
14,183
14,181
14,178
14,175
14,172
14,170
14,167
14,164
14,162
14,159
14,156
14,153
14,151
14,148
14,145
14,143
14,140
14,137
14,132
14,130
14,127
14,124
14,122
14,118
14,115
0,400
0,269
0,393
0,268
0,424
0,267
0,341
0,266
0,440
0,265
0,359
0,264
0,340
0,263
0,339
0,262
0,337
0,261
0,392
0,260
0,385
0,259
0,338
0,258
0,336
0,257
0,256
0,432
0,255
0,395
0,254
0,506
0,253
0,414
0,252
0,443
0,251
0,250
0,406
0,249
0,442
0,248
0,373
0,247
0,358
0,246
0,453
0,245
0,334
0,244
0,333
0,242
0,411
0,241
0,436
0,240
0,408
0,239
0,384
0,238
0,330
0,237
0,327
0,236
0,326
0,235
0,345
0,234
0,419
0,233
0,439
0,232
0,405
0,231
0,441
0,230
0,404
0,229
0,391
0,228
0,325
0,227
0,323
0,226
0,398
0,225
0,409
0,224
0,353
0,223
0,431
0,222
0,473
0,221
0,397
0,220
0,357
0,219
0,430
0,218
0,417
0,217
0,429
0,216
0,356
0,215
0,390
0,214
0,352
0,213
0,350
0,212
0,372
0,211
0,349
0,210
0,376
0,209
0,375
0,208
0,469
0,207
0,379
0,206
0,347
0,205
0,477
0,204
0,322
0,203
0,437
0,202
0,403
0,201
0,355
0,200
0,382
0,199
0,378
0,198
0,427
0,197
0,428
0,196
0,321
0,195
0,423
0,194
0,320
0,193
0,402
0,192
0,370
0,63
0,401
0,62
0,476
0,61
0,438
0,60
0,497
0,59
0,487
0,58
0,351
0,57
0,422
0,56
0,486
0,55
0,435
0,54
0,369
0,53
0,472
0,52
0,434
0,51
0,389
0,50
0,388
0,49
0,418
0,48
0,383
0,47
0,495
0,46
0,399
0,45
0,494
0,6
0,5
0,304
0,303
0,306
0,305
0,302
0,12
0,10
0,8
0,11
0,4
0,2
0,3
0,7
